# Created by Octave 4.2.0, Fri Dec 30 16:20:20 2016 CET <pghalliday@Peters-iMac.local>
# name: v
# type: matrix
# rows: 1
# columns: 10
 -3.86608305698964 -4.423658962500477 -1.731542211491386 -1.190913595889369 -0.2841041895193772 -6.406492092726824 -2.20883174348298 -5.676451946670527 -4.742313458400098 -4.244682524503892


